title = "Chaos GUI preset konfiguráció"
version = "0.1.0"

[gui]
GUI_COL_W = 240
RR_MAX = 2.0
RR_STEP = 0.1
ALPHA_VALUES = [0.002000, 0.005937, 0.009873, 0.013810, 0.017746, 0.021683, 0.025619, 0.029556, 0.033492, 0.037429, 0.041365, 0.045302, 0.049238, 0.053175, 0.057111, 0.061048, 0.064984, 0.068921, 0.072857, 0.076794, 0.080730, 0.084667, 0.088603, 0.092540, 0.096476, 0.100413, 0.104349, 0.108286, 0.112222, 0.116159, 0.120095, 0.124032, 0.127968, 0.131905, 0.135841, 0.139778, 0.143714, 0.147651, 0.151587, 0.155524, 0.159460, 0.163397, 0.167333, 0.171270, 0.175206, 0.179143, 0.183079, 0.187016, 0.190952, 0.194889, 0.198825, 0.202762, 0.206698, 0.210635, 0.214571, 0.218508, 0.222444, 0.226381, 0.230317, 0.234254, 0.238190, 0.242127, 0.246063, 0.250000]
FADE_PROFILE_ORDER = ["off", "normal", "deep"]
DENSITY_VALUES = [1.0, 2.0, 5.0]
REF_NONE = 0

[gui.hue]
red = 0
orange = 30
yellow = 60
chartreuse = 90
green = 120
springgreen = 150
cyan = 180
dodgerblue = 210
blue = 240
indigo = 270
magenta = 300
deeppink = 330

[gui.FADE_RATIO_BREAKS] #TODO: 0.0 elhagyható, de ahhoz a kódot át kell írni picit.
off    = [0.0]
normal = [0.000000, 0.031935, 0.063871, 0.095806, 0.127742, 0.159677, 0.191613, 0.223548, 0.255484, 0.287419, 0.319355, 0.351290, 0.383226, 0.415161, 0.447097, 0.479032, 0.510968, 0.542903, 0.574839, 0.606774, 0.638710, 0.670645, 0.702581, 0.734516, 0.766452, 0.798387, 0.830323, 0.862258, 0.894194, 0.926129, 0.958065, 0.990000]
deep   = [0.000000, 0.090000, 0.155000, 0.250000, 0.250001, 0.250002, 0.250003, 0.250004, 0.250005, 0.250006, 0.250007, 0.250008, 0.250009, 0.250011, 0.250013, 0.250016, 0.250020, 0.250028, 0.250046, 0.250109, 0.250257, 0.250605, 0.251425, 0.253351, 0.257860, 0.268318, 0.292078, 0.343606, 0.444877, 0.610301, 0.813176, 0.990000]

[world]
E = 3.0
density = 1.0
max_t = 10.0
eps_tol = 1e-9

[presets]
order = ["Téridő kísérletek...", "Tachion AV = 3.16"]

[[presets.table]]
name = "Tachion AV = 3.16"

[[presets.table.entries]]
color = "green"
alpha = 0.202762
RV = 3.16
RR = 0.0
ref = 0
distance = 0.0
yaw_deg = 0.0
pitch_deg = 0.0
rv_yaw_deg = 0.0
rv_pitch_deg = 0.0
fade = "normal"

[[presets.table]]
name = "Téridő kísérletek..."

[[presets.table.entries]]
color = "cyan"
alpha = 0.202762
RV = 2.0
RR = 0.0
ref = 0
distance = 0.0
yaw_deg = 0.0
pitch_deg = 0.0
rv_yaw_deg = 0.0
rv_pitch_deg = 0.0
fade = "normal"

[[presets.table.entries]]
color = "magenta"
alpha = 0.100413
RV = 2.0
RR = 1.0
ref = 1
distance = 10.0
yaw_deg = 5.0
pitch_deg = 75.0
rv_yaw_deg = 0.0
rv_pitch_deg = -90.0
fade = "normal"
